Feature_set = ['0100001011110010010101010110011000100001111000101110000110011010010000100011101010000101101011010110', '1110010110110110111101001010111111100101010110101011100100011001101001011111010010101110001100011100', '1010101001011010100001011011110101011110110001110000010001110000111011010100000001100110000111100000', '0011101010011000101101101111101110000101110101000100101101010010010010101011011100010111000110010011', '1100011111010010011010011101000110100111010110110000101110011000001011010111011010010010111111010000', '0011101000101000001100010111110001010100101100111110000010111101100101010101110011011110010100000010', '1000010010100110001110110001010110000110011100001111001101111110010000010010101001000111000110110001', '0110001111101110111101100010001001101010000001101110110110011101000100111011001001000011001011000011', '1001000010010101110100100100110010001010100110111011110101000001000011001100111001101100111001110100', '0100100000010110010101011011010011011100010100011101000111011001000011100001010110100010011010010111', '0110111011100100110110010001110010000101011111011011011100101010100001001100100111011000011101101100', '1011110111101011011011100010110101011010110011110110101100111001001001001101100111101011110001001000', '1000011001010110001111010101011000010101111001111101110111101011111101110010100100100000010111111110', '1000100100010000111100001000010011100011110101100110011100110010011111111010111101110011111101100100', '1010000011111111000111000111000011110110000001010010001101110011001110011000100000101111110111111111', '1011011101101010001001001110001000110010010001010001100000110011010100110111101001011111010011000011', '0111110000001010101011001101101000100111010010010001110000101111011101011101110110100110100100101011', '1110010110010010110010000010100010100011001011010010110110111101100101101000001110000101000110010011', '1101101110001011101111001010100001111011011110010110000010110100100111111110011111100100111011100001', '1110000001000110000110000111101010001111000000100100101000100010001000101101111000000011101010001010', '0101000001001101101000001111101000001011001110010010001010001110111000000001100101010110100101011110', '0001010111111000110011101100000101000101001101000110001110100101101100110010110000001110111100110000', '1010001001101001110100111010011101011100011110101000011000111101001010110101111000001011011001111010', '1010001010011010000010010111100000100001011001100000111001110101010110111100111000000110010010101100', '1111011011011000101010101010011100010001100001010101110001111011010100011100110000011110101101001011', '1000110101101110101000100000000000111111011010111111111100110110001111101100101000001111111001001100', '0101000000110111110000111011100000100011001100011001010101110001110001110010000100001110101011100100', '0000101101111010010011101110011111111110101001001110101110011001011111001010110000001110111111100011', '0100010110000110001001010001010000101000110100101101101001101101001111100101110010111100110110001000', '0100101111101011011001100001000111100001100110100011000111100101111100011111101100101101011111011101', '1001011110101000110001100110101011100100000000010001001110110000111110100111101000000110110100111010', '1000100000100000010100100100000000100011011010010000011011000011010011011001000011111100101011000101', '1101100111101010011100011001000101100111111001000101100100110110110111101100100100100110010110110100', '0011000111011101011001100101100111000011110010011011101101011110110001011101001100010101011010100110', '0001101011001000001011111110010111100011011110000110100000010011001101100100111001001110110010100111']
HV b_Copperplate.jpg
Input: 00000011110111101001011110000000000
Accumulation of values = [18, 15, 19, 13, 14, 17, 13, 16, 20, 21, 18, 20, 17, 20, 16, 17, 12, 17, 19, 22, 17, 13, 19, 14, 15, 18, 19, 20, 16, 19, 14, 12, 15, 17, 15, 21, 12, 14, 18, 20, 20, 17, 19, 18, 15, 19, 15, 15, 19, 18, 16, 18, 18, 19, 14, 19, 17, 17, 18, 21, 24, 16, 16, 21, 12, 18, 20, 18, 17, 16, 23, 21, 19, 18, 19, 16, 24, 21, 15, 16, 12, 14, 15, 9, 15, 18, 31, 20, 15, 20, 21, 18, 20, 23, 21, 16, 17, 13, 19, 16]
After Thresholding: 1010000011110100001100100111010000010011101101001101110100111001011100111110110000000111011111100010

HV a_Arial.jpg
Input: 00000000000111001001011111100101111
Accumulation of values = [19, 16, 17, 17, 15, 13, 14, 18, 17, 24, 17, 17, 21, 15, 18, 18, 11, 19, 20, 16, 19, 14, 22, 12, 16, 17, 17, 22, 16, 16, 15, 16, 11, 19, 18, 16, 11, 15, 21, 25, 15, 18, 20, 14, 19, 14, 16, 16, 17, 19, 16, 20, 18, 18, 14, 18, 17, 17, 20, 20, 21, 20, 17, 18, 16, 18, 18, 18, 15, 20, 21, 20, 20, 20, 15, 17, 24, 19, 17, 18, 9, 13, 16, 11, 16, 19, 27, 20, 17, 20, 21, 16, 22, 22, 21, 13, 20, 16, 14, 16]
After Thresholding: 1000000101001011011010100001000001100011011010000101110100111101011101111100110100000111011011101000

HV c_Copperplate.jpg
Input: 00000011111100011000011110000000000
Accumulation of values = [15, 18, 19, 14, 13, 18, 13, 15, 20, 20, 20, 16, 20, 18, 16, 18, 13, 17, 18, 20, 18, 14, 20, 14, 15, 16, 20, 19, 18, 18, 14, 13, 13, 17, 16, 21, 12, 13, 18, 20, 20, 19, 19, 18, 16, 17, 13, 18, 19, 15, 18, 20, 16, 19, 13, 19, 18, 16, 18, 22, 25, 16, 14, 22, 13, 17, 17, 20, 17, 17, 22, 21, 19, 21, 17, 17, 22, 21, 16, 16, 14, 14, 11, 13, 15, 17, 29, 20, 14, 22, 21, 17, 20, 24, 20, 16, 17, 13, 19, 18]
After Thresholding: 0110010011101101001110100011110000010011111100011011010110111001000100111100110000000011011011100011

HV c_Helvetica.jpg
Input: 01110010011000011001011100000000000
Accumulation of values = [16, 18, 20, 11, 16, 16, 14, 14, 19, 21, 20, 18, 18, 19, 17, 15, 15, 15, 19, 22, 16, 16, 16, 18, 16, 15, 20, 21, 17, 15, 16, 13, 14, 15, 16, 20, 12, 18, 13, 23, 17, 22, 17, 19, 14, 17, 14, 16, 20, 15, 17, 21, 16, 18, 16, 17, 18, 17, 18, 22, 23, 17, 16, 18, 18, 16, 18, 16, 20, 16, 23, 20, 18, 22, 18, 17, 19, 24, 15, 16, 14, 12, 13, 13, 13, 20, 29, 19, 12, 22, 22, 20, 20, 19, 23, 17, 16, 13, 19, 17]
After Thresholding: 0110000011111100001100010011000000010101010100001001010010111001101010111110110000000111011111100010

HV b_Arial.jpg
Input: 01000010000111001001000010100101110
Accumulation of values = [18, 18, 15, 16, 15, 15, 11, 20, 17, 21, 20, 17, 17, 21, 17, 17, 10, 20, 21, 17, 16, 15, 20, 13, 16, 16, 18, 24, 16, 16, 15, 15, 13, 16, 18, 16, 11, 16, 21, 23, 18, 16, 18, 17, 18, 14, 16, 17, 18, 17, 17, 22, 15, 17, 14, 21, 16, 18, 17, 21, 24, 16, 19, 16, 19, 18, 15, 17, 16, 22, 17, 24, 20, 18, 19, 16, 20, 20, 17, 21, 10, 12, 17, 10, 13, 20, 26, 22, 15, 18, 24, 19, 20, 21, 20, 16, 18, 16, 14, 18]
After Thresholding: 1100000101100100011000100011000000100011101010001001000101011010110001011110110100000111011111101001

HV b_Helvetica.jpg
Input: 01110010010000101001011100000000000
Accumulation of values = [16, 17, 20, 11, 16, 15, 14, 15, 20, 20, 20, 20, 17, 19, 17, 16, 13, 15, 19, 23, 16, 16, 16, 17, 16, 16, 20, 21, 16, 15, 16, 14, 14, 16, 15, 20, 12, 18, 13, 22, 18, 20, 18, 19, 14, 17, 15, 15, 20, 16, 17, 19, 17, 18, 17, 17, 18, 18, 16, 23, 22, 18, 15, 19, 17, 16, 20, 15, 21, 14, 23, 21, 18, 20, 19, 17, 19, 25, 14, 16, 14, 11, 16, 10, 14, 21, 29, 19, 13, 20, 22, 21, 20, 18, 24, 18, 15, 13, 19, 17]
After Thresholding: 0010000011110100001100000011000000010101111100001001010011011101001010111110110000000111011111110010

HV a_Copperplate.jpg
Input: 00000001100101001111100010000000000
Accumulation of values = [16, 20, 15, 16, 13, 15, 13, 19, 17, 20, 17, 20, 19, 19, 16, 20, 13, 14, 21, 18, 18, 13, 19, 12, 19, 16, 21, 17, 22, 13, 17, 10, 16, 16, 18, 18, 15, 8, 25, 19, 19, 14, 21, 18, 19, 14, 15, 18, 15, 19, 19, 15, 20, 18, 12, 19, 21, 12, 19, 22, 25, 17, 15, 18, 18, 15, 19, 19, 16, 19, 20, 19, 24, 17, 18, 17, 20, 23, 17, 18, 12, 14, 12, 12, 11, 20, 27, 23, 17, 15, 24, 18, 19, 25, 17, 17, 18, 13, 20, 17]
After Thresholding: 0100000101011101001110101010100000110011101110010110110110111001101101111010110100000111001111001010

HV a_Helvetica.jpg
Input: 01110010010011101011011010000000000
Accumulation of values = [17, 16, 18, 13, 16, 15, 14, 15, 19, 21, 18, 22, 16, 19, 17, 16, 15, 13, 22, 22, 15, 16, 15, 16, 19, 13, 21, 20, 16, 18, 15, 13, 14, 17, 14, 22, 10, 18, 14, 23, 18, 19, 17, 20, 13, 18, 14, 17, 18, 19, 15, 19, 16, 19, 15, 19, 18, 17, 18, 22, 22, 16, 18, 17, 18, 16, 20, 16, 19, 16, 22, 22, 17, 19, 21, 14, 21, 25, 13, 18, 12, 12, 17, 9, 13, 21, 29, 19, 15, 19, 23, 21, 18, 21, 22, 17, 15, 13, 20, 17]
After Thresholding: 0010000011110100001100001011010000010101110101001101010110111010101010110110110100000111011111100010

HV c_Arial.jpg
Input: 00000000000111001001100000100101110
Accumulation of values = [17, 20, 14, 18, 15, 12, 13, 20, 15, 24, 18, 17, 19, 20, 16, 20, 8, 20, 20, 17, 16, 16, 19, 14, 16, 18, 16, 25, 16, 13, 17, 13, 14, 17, 18, 16, 13, 13, 23, 22, 18, 15, 20, 16, 19, 13, 16, 18, 16, 17, 18, 20, 16, 18, 15, 19, 19, 15, 17, 20, 25, 18, 18, 15, 21, 17, 16, 16, 17, 21, 18, 21, 21, 18, 19, 18, 19, 19, 18, 23, 8, 13, 16, 11, 11, 20, 26, 23, 16, 18, 22, 19, 21, 22, 19, 16, 18, 17, 14, 16]
After Thresholding: 0101000101101101011000100101000000100011101010010011010110011110100001111111111100000111011111101000
